courier_id,level,speed,max_load
10405101,3,5.921713515880133,10
10584671,0,5.39251562111129,3
106568746,2,5.361092792832504,6
106623778,0,6.124260041395253,10
111731282,3,5.068261995973393,9
123968217,1,5.291615675738607,7
10311341,3,4.224279494059183,10
10377583,3,4.302674047029796,11
119058345,1,5.85260232256812,8
124686817,2,5.070674297079851,9
10728396,0,6.463734338297803,3
10788532,3,6.477128702186472,11
116706233,3,5.856235766273705,12
119346545,3,4.348209186022212,8
107699026,3,5.804241676197963,12
111356426,3,4.9789538039944246,7
102333794,2,5.775679280416684,8
117070713,3,5.704829922535776,6
118662905,3,5.45502589255561,10
100069773,3,5.282188928986211,11
106108922,2,5.35332103575163,11
118559025,3,5.45378158473016,10
120948521,3,5.338067622439844,10
10213217,2,5.542418787676158,10
10361752,3,5.853978150945867,9
118916329,3,4.163614904703058,9
119531657,3,6.140709354756856,8
10525316,2,5.486724610604976,9
117068537,3,5.586293854079784,10
10553059,3,5.531716508901589,9
111618922,3,4.7875442545711655,9
102054458,1,4.32819730572678,7
111227890,3,5.834741558429676,9
117026449,3,5.528428012072551,8
102748698,3,5.259429750959905,11
10712014,3,4.473530141892683,10
10748345,3,5.513047650125721,9
118818985,3,6.09701877738095,9
122939081,3,5.39016446501929,11
10303438,3,5.875126164850998,8
118781361,3,6.159571949791602,11
121955505,2,5.640951568558737,8
118308465,3,5.541492114021073,7
10219599,3,4.119029045916437,10
10664091,0,5.265192802990773,3
10298963,2,5.576975679000253,11
10632815,3,5.197882164564127,8
10642486,1,5.379325744779424,8
10697343,2,4.473163411022999,11
111205226,3,5.146915387606303,12
123314609,3,4.2903603634726775,10
101914266,3,5.46056777511168,10
102085666,2,5.70440262519524,6
103384498,3,5.109513371136219,10
107736970,3,5.191667265566279,10
112905898,3,5.94005414646772,9
118785289,2,5.473085932723846,6
103191818,3,5.49959152836735,6
10413087,3,4.25881232333071,9
117055625,3,5.0798900047342554,7
125102361,3,5.207635957506687,10
125119169,3,5.138015937770253,9
101915922,3,6.432955542219678,8
10719665,3,5.781754179427339,8
109710658,0,6.393360590246232,6
113793937,3,5.160130017970286,11
117115569,1,5.315463646712448,4
118787761,2,5.2815134701079645,9
10100267,3,6.203848804126882,10
10120267,3,5.50388649096265,11
10757702,1,5.046128412876539,10
122093097,3,5.505350227861437,11
124274137,3,5.355385451726246,9
118778673,2,4.0989901637485,10
118888121,3,5.259552215529434,11
102697066,3,6.533106649390365,11
118304897,3,5.813511768418221,11
118332065,1,5.701296350480784,7
124001625,3,5.687316515425703,11
10417888,1,5.2481260191530215,8
10466684,3,5.711748628127757,9
110962402,2,5.385786619407156,8
123025297,3,5.712276028865972,10
125155433,2,4.742300189558161,9
100122337,2,5.592335405833647,7
112912010,3,5.3110184291170555,10
114454825,2,5.417364896541232,6
122106617,3,5.681553167828804,11
10726147,3,5.221278559599902,10
111193122,3,5.821348990025178,11
10272326,3,5.400176574851054,10
110624410,3,5.8605763058708575,10
111751082,3,5.214339081493806,11
121163233,3,5.158447670348099,9
10148788,1,5.1380866611810525,8
105641514,2,5.854605732781423,8
117208745,3,5.415137619774718,8
10183602,3,4.225996794693101,11
102688330,1,5.985952178523916,8
118797201,3,5.159893918129622,9
10513697,3,5.86991207807905,10
10656566,3,5.689026218170315,10
10711180,2,4.4709920545239115,9
107672506,1,5.479249216060912,7
10788423,3,5.692659445787414,11
117025081,3,5.477540538213815,10
117672601,3,4.50011474319206,9
10618353,3,5.221160440488259,11
10117471,3,5.791113391131225,10
10313234,2,5.424146203123786,8
103648954,3,4.967563588956466,9
115619153,3,5.471683870286662,9
124981409,2,5.859577472471841,5
10804247,3,5.165655317941613,10
110105858,0,5.503450263161156,7
124928417,3,5.370120568924496,10
102505146,3,5.23029758313456,10
10289729,2,5.305020771760886,7
10360357,1,5.541312668066979,7
111025498,3,5.30745986728771,11
118266025,3,5.444131752485188,10
101393874,3,5.2893968379484075,7
103404602,3,5.439217206638517,10
10703085,3,5.691450853680889,9
10429491,3,5.661769256407168,10
10742004,1,4.194929528978486,9
10748334,2,5.802695405484308,8
122011449,3,5.439089219909959,10
124079177,2,5.797316287313533,4
10183941,3,5.5097685622283885,10
117916001,3,4.3808008764523985,9
120625801,2,5.671915300391297,9
10155815,3,5.394251943490318,13
122154985,3,5.390956753372964,9
118009457,3,6.042679704299438,4
122904977,3,5.348469522525244,10
124546193,2,4.964532514354596,9
10161032,3,5.924858214942642,9
114595465,2,5.089626791637388,9
116872833,3,5.520119413490369,9
118790673,0,4.8432653673185655,3
118831497,3,5.122160308243396,8
10232315,3,4.113181540435554,13
10626566,3,5.548024929950384,9
10703923,2,5.262088411391526,9
117042865,3,5.882638275796764,7
10619173,2,5.738882180060319,9
10799255,2,5.451468026564221,8
112996714,3,5.412189375055834,11
113147922,3,5.677390697926659,10
116274473,3,5.6392606317865654,10
10773341,2,5.460700927140993,9
10281321,3,5.753774528922868,10
10774871,3,5.557592538254338,9
117009049,3,5.317977189785446,12
118666249,3,4.27132714759147,11
113419889,1,5.769546316617542,8
10097074,1,5.583286985139968,7
101009538,3,5.380140178132645,12
10458730,3,5.3935938782810045,12
10249075,3,5.596400351720777,10
10531988,3,5.385594091014791,9
10721724,3,4.42442661624954,9
113782457,3,4.4090799590749485,11
118798041,3,4.770513733108562,8
103155394,2,5.54479262706937,8
10636336,3,5.923468789658388,11
116929025,1,5.7771748325219745,6
100170616,3,5.975673712143521,10
118923665,2,5.5576878369559495,9
10518924,2,5.891111292065225,7
112044866,3,4.443262388984204,8
117027985,2,4.107572786645322,9
117109065,3,5.368845923132324,8
109539178,2,5.085504138909805,10
115063897,3,5.460664202332139,10
118797393,2,5.289632541538193,8
10081729,2,5.14688332015965,8
10401287,3,5.31876588466969,7
110963378,3,5.072205883856642,11
118306897,2,4.918642753558694,8
124124649,3,5.425342078894173,9
10330725,3,6.1234485591046734,9
10548799,3,5.541141299087064,8
113172298,3,5.564606987941738,10
115450025,3,5.914247373499866,13
116133289,3,5.055159733052914,11
121629529,1,5.486801936885654,7
10185816,3,5.30090050510142,11
102159722,2,5.472306075850432,9
117026369,3,5.201025663897794,9
100240426,3,5.8584902563674985,9
101437378,3,5.411358671313806,5
101992442,2,4.344019496348978,8
121657113,0,5.357938888066268,6
123459073,0,5.513397590872904,7
107647570,2,5.235849857307909,11
113601193,3,5.608676317250439,6
100166267,3,5.757039869889685,9
10102738,3,5.783252163038646,9
105676642,0,4.2155971399568335,10
123756545,0,5.3594791013205985,5
10322363,3,5.119457092953868,9
114811105,2,5.706178109542452,8
118322641,1,5.994432497500666,7
118792841,2,5.679359332321052,10
100429202,1,6.146143030303377,10
102002930,2,5.335272396567225,10
10537433,3,4.68113027877361,10
118798641,3,5.186987428402553,7
122077169,1,5.71658716379138,8
10649045,2,5.452557358928864,10
115749225,3,5.392784654483321,8
117056905,2,5.693512510247183,10
119149737,3,5.823811232427487,8
121572297,3,5.702496842548295,7
10696554,2,5.746538380599604,8
117052073,3,5.618062674958022,11
119666745,2,5.257210103349764,6
118475913,3,5.315359193328638,9
119918177,3,5.257072100774571,9
103738138,3,5.490707411157367,7
10491749,3,4.259493672470695,9
10810487,2,5.742994541464528,6
121157737,0,5.6532232801408275,15
10344320,2,5.176313560574081,6
10364589,3,5.73922542801376,8
106973146,2,5.638960607657073,8
113485593,1,5.418679054860753,9
122079457,2,5.337644692238372,7
10067592,3,4.992199148974159,8
10194640,3,5.846699274136303,10
10536439,3,4.096495466672392,9
10542498,0,5.720153202129396,13
10783757,3,5.531096133243506,7
118310905,3,5.955020545420767,12
120558729,3,5.443222098498455,11
124973465,3,5.677019110441115,11
10659886,3,6.128035674641007,7
111002490,2,5.46536113138899,11
120119785,3,4.122020218183989,10
123931449,3,4.433856782003681,10
101180274,3,5.482712908633722,13
10678111,3,5.248775870038803,10
113632273,2,5.038310761659479,8
115861121,3,5.241940565825035,10
120882097,3,5.636497792641681,9
125155241,3,5.92447040971416,9
100149376,2,5.5513432280839945,10
103679442,2,5.19585211987314,9
117024145,3,4.2944472014189685,9
117069697,3,4.336853100507263,8
106359962,3,5.9225909450900005,11
112022106,2,5.399777839347849,10
118814697,3,5.479144855155386,6
10098837,0,5.418094004974735,15
114674785,0,5.210882390049253,2
116971497,3,5.3801715356405575,8
118781177,3,5.225853331064326,12
100532962,3,4.356239751649441,8
10290949,0,5.426305270020881,9
107080018,3,4.487617701456878,9
10793094,3,5.017105103092866,11
112906890,1,5.2958618130355335,6
115777233,2,4.540906874473311,9
118800777,3,5.706081711316784,12
114244561,2,5.815747161076931,7
116050601,2,5.670714179423056,4
118760649,3,5.078379930481348,10
123948441,1,5.536498577152165,8
10687789,2,4.277607097293274,9
110812290,0,6.253871512873883,5
10459881,3,5.396282726516955,9
10604965,3,6.399549259480107,9
115002465,3,5.213674823219665,9
118817865,0,4.403962571660359,9
10039046,3,5.236049144663425,11
10282591,3,5.450863340405366,10
118702473,2,5.293727794892952,7
103401674,2,5.714477100834302,8
10826871,2,5.334666356904513,7
109511434,3,5.228368579393325,11
118691289,3,5.671417612611761,10
121658489,3,5.318389650336471,10
122060865,3,5.404051497026937,9
100023698,1,5.836183785201952,9
104583538,3,5.167987692937375,9
108061506,3,5.736062514595362,8
118789185,3,5.452844412691933,8
10188077,3,5.405883480088494,9
102503626,3,5.633117534200931,11
10489414,3,5.480328383017287,8
10770943,3,5.834105300412605,10
118200593,2,5.005161314058711,6
118644385,3,4.57717735108884,10
115752577,3,6.11115785710239,8
117113497,3,4.469508725838898,9
118891361,1,5.47769050441561,7
118916617,3,5.059179356581103,11
118918985,3,5.813231760259395,9
105276506,2,5.0990927457297435,9
110622026,2,5.476179308099453,9
117049569,3,6.178627173699813,9
125779698,3,5.377490930956591,12
10294745,3,6.199799030830937,10
10749684,2,5.628945214431731,4
117013553,3,5.595683277082281,10
118970753,3,5.342887162679427,6
102449370,2,5.43062663199243,9
117779017,3,4.374687305725339,8
118533225,3,5.707320796979831,11
10208063,3,4.105791059433859,11
10272985,3,5.4059982310085894,10
10762615,3,5.268778642136021,9
117124913,2,5.130396215676721,7
118322689,3,5.731569703393883,8
125812730,2,5.8738154228909485,8
118810873,2,5.470706853571884,3
118828521,2,5.115405123806878,10
122942881,3,5.288441211817796,8
10043801,3,5.096533277825312,9
103502002,3,5.673124147311044,9
118841633,3,5.122968661518055,9
122081305,3,5.433064812327155,10
125864962,3,5.277128579015591,8
105233010,2,5.296316107249527,9
116479041,3,5.7674187833990125,11
117015113,3,5.596682588891477,11
10671986,3,5.6093738778500715,9
117013905,3,5.833104648825439,10
10206063,3,5.870534596589842,12
117054417,3,5.364214281507581,11
118006553,3,5.8979114368376875,8
118803601,3,5.815078783502977,9
112027066,3,6.20870736574599,11
115862809,1,5.8216186313007565,7
102952578,3,5.6115026838101505,9
10638398,3,5.227271314697639,9
113977305,3,5.268095147403882,11
118811881,3,4.335463290354502,11
124682649,2,6.1861188503195255,12
10469547,2,4.229550473310393,5
113666817,3,4.426618537723766,11
118690377,3,5.335201908382358,9
120434978,3,5.377797848926844,12
100134611,3,5.83448549540603,9
10258665,0,5.219105332809617,10
113493697,3,5.2840852624348065,7
10194017,3,5.48054596393424,10
10295716,3,5.558680614892574,10
112905946,3,5.300127036009791,5
121974361,3,4.188018824614208,10
10760325,2,5.507056994221818,9
114286177,3,5.586425871238404,8
120561993,3,5.936294991731825,3
121788009,2,5.520236823685295,10
10063068,3,5.462775409455626,9
102996298,2,5.48899678667084,6
103216602,3,6.339703783528104,10
10582930,2,5.555888868309258,7
118802153,2,5.104000601677372,10
119535041,2,6.0579786079558104,9
122244937,3,5.3608861417708376,10
118819825,1,5.330751598310137,9
124753497,1,5.83428391159972,2
100084429,3,5.958164800158224,11
10335674,3,5.1611011694004,9
10350067,2,6.035426113432555,9
10112683,3,5.582123895615014,10
102386650,1,5.962346449355219,10
10303432,1,5.631537142703479,9
106582138,2,5.389075829370572,7
113440065,3,4.892856299640894,3
115025641,2,4.949941751342635,8
118802473,3,6.326220370586989,9
123213849,1,5.106165191481839,8
125964650,3,5.253902135699309,11
105974626,0,5.437642048612019,3
116502929,3,6.342210431132109,9
118890377,2,4.17506185204109,8
10053442,3,5.483481754212799,9
10415210,3,5.209076159498996,9
114783777,3,5.738506789357387,8
119500977,2,5.314752641787293,9
122367425,3,5.184175709634007,10
10416024,2,5.841546423057828,10
10566682,3,6.041158102725071,10
117042817,3,6.238661040709124,8
103328290,3,6.133699038359877,11
111995434,3,6.218349905711332,11
112075042,3,5.713717413456925,9
10239433,3,5.528913188692659,8
10386183,3,5.74834941890245,13
10619850,2,5.857950864792806,5
110846282,1,5.8829832916384825,7
117464353,3,5.676797266589253,9
125608938,0,5.2066626017234965,4
100038207,2,4.261871440400966,6
10587453,0,5.2835811545170035,9
107045802,2,5.053203549727509,7
10742814,2,4.385912412847124,9
113152290,1,4.340248284813235,9
115755785,0,5.9397458151481635,3
116737865,1,5.359295723247859,7
118066617,3,5.294738276437273,1
118862313,1,5.389575534273343,4
123679329,3,5.602518854442147,10
10476665,3,5.410737648971258,9
117065769,2,4.627142182117699,5
118066377,3,4.7582312550050405,12
120549513,3,5.616500589232479,9
120817089,3,4.25609528718374,11
123810001,3,5.234223136240973,10
113186569,3,6.19619122815723,9
10012191,3,5.499817909200164,10
106834122,3,5.380761258684912,6
107410522,3,4.47331474175198,8
114183305,3,5.736655784290667,8
119271329,3,5.230392897165495,8
10731534,2,6.235618812306876,10
108136778,3,4.757897217795213,9
119149921,1,4.9966160310022705,9
10457899,3,5.278190663039548,9
114251585,0,5.321342357007612,3
10038649,2,5.247145695521687,10
10181667,1,4.191695760699921,7
10507382,0,6.517309074132995,11
10840157,0,5.606075213155517,13
116377137,3,4.4710828163979786,9
10007871,2,5.283471691630495,11
121778417,3,6.256896566739364,9
111124922,3,5.3471540074060515,11
116034321,3,5.436341398415103,9
117108641,3,5.461933596086589,11
10408117,3,5.235094032068098,9
102505842,3,5.191641340483929,11
105626402,3,4.201772112211353,8
110943594,1,5.46006351896355,7
102010482,2,6.363150196445192,10
102106834,2,5.0285232587022595,10
10748878,2,5.380001957714228,9
107874090,3,5.141030931054752,9
114323969,0,6.199081530547637,4
114797801,0,5.541316436625192,3
10037225,2,5.090143500580615,7
10341727,3,5.2985856522199795,8
10668497,3,6.140310801345041,9
111845074,3,4.29589022373867,11
116190881,3,5.243237732531079,5
118795769,3,5.270865812658212,5
120858513,3,4.650542247242312,9
121123553,3,5.510857752283047,9
10670465,2,5.145516326411234,7
10816376,3,5.405823274554448,9
118448081,2,5.523154747113788,8
125330265,2,5.485389618045378,8
102505130,3,6.1684517608842135,10
10756147,3,5.6259588907463876,9
114634969,3,5.3329013859065375,10
117066833,3,5.251682111081337,8
117451033,3,5.032196553857756,9
118760809,3,4.824290507234563,9
117010761,3,4.4296646557573025,7
10164305,2,5.413216999136229,8
102246634,2,4.295808663928243,7
10548486,3,5.167761035248565,10
10747277,2,5.379895308564719,8
116117241,3,4.902476272451307,10
118789345,3,5.676060592167706,10
104838370,2,5.395501873443567,9
113980657,2,4.251674774072614,8
10392454,3,5.245076351800066,11
10779201,2,5.443610172192872,10
118796473,0,4.394706296740188,7
118805001,1,5.805569811554046,7
118908809,3,5.732318683296095,10
122605561,2,5.559873592394291,7
10681905,2,5.294001708381539,10
123511401,3,5.155889231115735,9
105226074,3,5.691892809824191,11
105514250,3,5.574307411449581,3
119961113,3,5.980786178387047,9
122153417,3,5.7008849372152355,4
10165771,2,5.328685216471385,9
10765017,2,5.810970122291957,8
10803667,3,5.037877506819666,9
116191217,3,5.057379125662174,9
117069353,3,5.761618942061715,9
123321857,3,5.088993367028816,10
115164545,2,5.751151243345775,10
116446601,1,5.864276437591196,9
119340785,3,5.306094053508589,9
123241265,2,5.4262251289133445,9
10645907,3,6.322122914549412,9
10782205,3,5.15209839948004,9
117160881,3,5.52514119646794,9
118180113,2,5.207687950747698,3
124259025,2,5.046999695795429,6
10717922,2,5.825563547737566,6
122287833,3,5.82946507956939,13
102437106,3,5.475998770156855,11
118787313,3,5.694026611935996,14
10324609,2,5.6591730420745385,8
117020457,3,6.004964999260673,9
117062825,3,5.855761051965727,13
124712017,2,4.829237771864331,10
116849473,3,6.382278979955734,12
110829786,2,5.787634228993808,7
117022737,3,5.301156194523428,12
117108873,3,5.152469890663835,8
122220689,3,5.735026573618603,12
100177162,2,5.425694158064956,5
10392466,3,5.257456231469361,10
10614152,3,5.599042255423219,10
116642425,3,5.841768598286791,13
118665761,3,5.2048648826361665,9
122220553,3,5.310171813450207,10
125892122,1,5.57413992779219,6
10271563,0,5.655186055365492,1
102895674,3,5.630809703985725,12
113600721,3,4.391796787463628,11
123510313,3,5.179093485619549,10
10381846,3,6.2133192162709205,9
117054081,3,5.789804867834954,10
118771169,1,6.191398480071129,7
119439657,3,6.09018440548536,10
10278503,0,5.464872223491375,7
118970329,3,4.529126432786739,9
10492242,3,5.291389094770799,10
10648133,3,5.613864657767978,10
113666801,3,5.953062945225792,12
118347857,3,5.929015291499874,10
10248665,3,5.493235729012541,10
10772321,3,5.222404772765062,8
113507641,2,5.2558756053497415,7
118792033,3,6.05530542492131,9
125157297,3,5.0426470436145285,8
10127695,2,5.534204220487588,7
102401578,3,5.750815040427265,12
102499938,0,5.284151213583549,8
10347189,2,5.527015402969365,4
10627115,2,5.7632653162192105,7
117067033,3,5.605295650188543,9
10366255,3,5.457347953105982,8
10696204,2,5.391767127748297,10
115753441,3,6.027946334187055,9
116505025,3,5.346608403469408,10
10012508,3,6.400437495467946,9
10094682,2,5.266673767470339,4
106364250,3,4.377181348826793,10
117056185,3,5.9488264677950315,8
118593769,3,5.600252485459025,10
125552498,2,5.439173461747422,9
10100628,3,5.476506659516473,13
10210023,1,5.290449656878909,6
10293468,3,5.338317317354969,8
10776078,3,5.935243839083496,8
118790761,3,5.415834343817546,10
118814929,2,4.900062913857956,7
124267545,3,5.899776965179937,6
106164450,2,6.025768465136854,11
10797771,3,5.260343397569702,10
118248009,3,6.051723142121247,10
120130201,3,4.491454799792862,10
10642060,0,5.518121907029826,3
10601332,2,5.524616708113368,9
10787521,3,5.991409296441015,9
101419538,3,5.550286616679231,11
10650683,3,5.613694862947371,10
119069129,3,6.056500813149237,10
119663369,3,5.188897018705207,7
10724729,3,5.607632337863313,9
118448145,2,4.209109461711575,8
119071601,3,5.673749936513058,10
10756966,1,5.530561924541343,7
118726337,2,5.203058871806019,5
118803113,1,5.486908635311937,8
118805049,3,4.783042561766059,10
103133802,2,6.244465477860559,3
103161530,3,5.058384126568507,11
112480378,2,4.087997429048108,11
118808241,3,5.489540479059792,10
120939545,2,5.77066122557345,9
103216506,3,5.69846252395147,10
10572923,2,4.988944914915864,8
112025322,1,5.787058022160687,7
117031321,2,5.779956704561125,8
10544976,2,4.456430001733836,11
117073817,3,5.670319719730777,8
106581010,2,5.242065434846587,10
117074225,3,5.164159953157168,7
118789929,1,5.070567940440757,7
10282135,3,5.6186023386384845,12
103006362,3,4.249078500035448,11
10609171,3,5.675070359336222,11
10135747,1,5.257786508395355,9
10393533,3,5.399004525488245,11
107694242,2,4.209508738722897,9
116989929,3,5.230247629248059,9
118787177,2,5.180414569839846,9
118809849,3,5.015437224950076,9
120644769,2,5.487187719188305,8
121168273,3,6.003339547886638,9
103040946,2,5.187076622764307,6
117008849,3,5.528111186745748,8
119749201,3,4.145839814901401,9
103636594,2,5.387090095744966,7
10515102,1,5.225447617603702,10
10739435,2,4.31393771777719,13
10751154,3,4.280278764287712,8
120171578,2,4.103616201486071,12
10596763,2,5.552891255008152,7
10720158,3,5.211885868125422,11
118329481,3,6.09255353664134,11
118427817,3,5.3758565595297405,11
101166018,3,5.517787152748134,10
10321101,3,5.475233532960181,11
10449032,2,5.325193675165899,9
10477197,3,5.382037456316061,9
10712195,2,5.549787464191243,9
118774137,3,5.639650271552141,8
125387458,2,5.209113375575784,10
10488513,2,5.675241755526281,9
114779105,3,5.104140561001877,9
10038653,3,4.170229054569121,15
102837378,2,5.232491540199878,8
10690649,2,5.191029215832525,9
10711258,3,5.471035698882957,8
111196866,2,5.438538775065812,9
118851385,2,6.065687445935903,9
10354617,1,5.595234214621116,5
111254906,3,4.16326311114973,10
114595425,2,5.579602161458468,7
101147106,3,5.870094692701241,8
10515576,0,5.436756856356979,10
10781084,3,5.30715274584273,11
117067361,3,5.467102673915668,9
117108625,2,5.53603885471681,10
10275639,3,4.467085589774442,9
10294613,3,5.61307345703701,11
103441042,0,5.258931510997932,4
118800217,3,5.986581542345644,9
10404691,2,5.842982547229327,8
10667763,3,5.6406902491990865,9
123675369,3,6.47200830056053,10
125996858,3,5.487306092546137,11
10416004,2,5.866671706507262,10
113736177,2,5.424764095230538,10
118333873,3,6.325135673651844,10
118981753,3,6.101001110667095,11
119684969,1,5.539861220850155,8
100166169,3,5.103883017868756,10
10304094,1,5.417147889755018,5
118804241,1,5.107148259788489,10
118924545,3,6.24518029368987,11
10534600,1,5.552520445654855,8
10664338,3,5.239957437077995,9
118805233,3,5.621458712875445,8
112905002,3,6.0107207287192885,11
115867977,3,6.384083286555219,9
100002543,3,5.76417628510099,10
10038661,3,5.6633525525422845,10
101266154,2,5.973721554631325,9
125102201,2,4.49733828014017,7
100076651,3,5.182513933660931,9
118795745,2,5.370817415073592,8
124928145,3,5.619265751612574,10
100681730,2,5.22823707027027,10
10591853,3,5.340497856750832,10
113396953,3,5.6635858925695395,9
115753185,3,4.265587196478682,9
122161113,3,5.995686084253101,8
103135370,2,4.211271308228495,9
117672177,3,5.802430550259966,10
10063192,3,5.7297766302178115,10
101943338,0,6.138222686743574,7
101958914,3,5.766821360791224,3
10278301,2,5.147770994105199,9
10767994,2,5.5874105400604455,8
112597122,2,5.343065199142503,11
118800849,3,4.884122826522463,8
100002652,3,5.334237109937389,8
110577578,0,5.537062476584119,3
117164105,3,5.741058566785144,7
10250573,3,6.014278913852274,9
10325553,3,5.561689935519606,11
10392452,3,5.542262639831149,10
118808025,3,5.156700699776164,10
118811593,3,5.300829698393992,9
118813289,1,5.2711391461630255,5
106359898,3,5.581298001007957,11
117010921,3,5.515181311111689,9
117028241,3,5.8893303790336615,10
118699633,2,5.773943172251711,9
118798201,3,5.197631414454757,11
10319692,2,4.4820034233123405,11
10826864,2,5.478790147422821,7
111269722,3,5.965091881285324,12
118661681,3,5.325939947653449,6
118820073,2,5.823152675224768,8
120508210,2,5.537373671518299,4
10075573,2,4.31633745271625,10
103190418,3,4.996953010376879,9
111358546,3,5.5145737442370875,11
122420209,1,5.313760280305729,5
10815609,3,4.290111375733826,9
124018041,2,4.299703361150714,9
10671039,3,5.882017368978033,10
10763831,3,5.332755723177806,7
110373306,3,6.060237879877509,9
118793961,1,5.015350675649622,7
