courier_id,level,speed,max_load
10525316,3,5.120494335342657,5
117068537,3,6.519152079661708,10
123307425,3,6.014725688174714,9
102333794,2,4.233384093878758,8
117070713,3,5.595928653890583,6
118662905,3,5.308489311092641,10
10311341,3,6.78095909499679,10
10377583,3,6.1499400891863605,11
119058345,1,5.349774632876654,8
124686817,2,5.23011336481678,9
102697066,3,6.475970190858753,11
117056801,2,5.960563370313778,7
118304897,3,6.177543151277753,11
107699026,3,5.518151032794723,10
116795681,2,5.345907180166147,3
10199051,0,4.794609807323073,11
10361752,3,5.500084268967185,9
118916329,3,4.921984885812941,9
119531657,3,5.665811858685247,8
100006950,0,5.389300141480478,4
10619173,2,5.446270518560177,9
10699173,2,5.807602036178122,10
10799255,2,5.844427761354654,8
112996714,3,5.777950577806429,11
113147922,3,5.325197755381773,10
116274473,3,5.589159169172333,10
117428305,2,6.073084929343405,4
10804247,3,6.394038603539082,10
110105858,0,5.503670218436747,7
113078386,2,5.173229891834585,9
124928417,3,5.38099782911557,10
121658489,2,5.154191048468396,10
122060865,3,5.651232385784159,9
102748698,3,5.41828842338602,11
10712014,2,5.610970318976224,10
10748345,3,5.235810982189514,9
118818985,3,6.408608583100143,9
122939081,3,5.453258216876503,11
102505146,3,6.438120554780709,10
10289729,2,4.980650316719433,9
10360357,1,5.09630774807981,7
111025498,3,5.489514510426358,11
100023698,1,5.342665511477634,9
102086882,2,5.626952940836274,8
104583538,3,5.626501511368056,9
108061506,3,6.535320752039383,8
118789185,3,5.348036358464196,6
111356426,3,6.142363463620621,7
121781761,2,6.344035098225102,10
102054458,1,4.159711618184347,7
111227890,3,6.244088407985784,9
117026449,3,5.600750536680947,8
119719617,2,6.347059025018446,10
10528147,1,6.05144917612535,10
109539178,2,5.656425939194582,10
115063897,3,5.789619460775327,10
118797393,2,5.107871874731575,6
118308465,3,5.506561028902233,7
10826871,2,5.387896615810681,7
109511434,3,5.039806814004075,11
118691289,3,5.577118622722403,10
120601473,2,5.940753989449794,9
10043299,2,5.985403944889299,10
10232315,3,5.560280489174905,13
117042865,2,6.418831978552441,7
100134611,3,5.753431250851057,9
100147671,3,5.501136038199963,11
10258665,0,5.4546818959384105,10
113493697,3,4.845313063966893,7
100069773,3,5.64770005578585,11
106108922,2,5.6691175464116395,11
118559025,3,6.468551309060593,10
120948521,3,5.547580953980625,8
10405101,3,5.913425388163792,10
106623778,0,6.255523177196516,10
111731282,2,5.9488636177834255,9
118394873,2,5.448221736212626,9
123968217,2,5.678669468911536,7
10513697,3,5.354444561477694,10
10656566,3,5.6189492396986065,10
10711180,2,6.42052431055798,7
107672506,1,5.534659689923314,7
10788423,3,5.484439574042476,11
117025081,3,5.562240127819122,10
117672601,3,5.779376371576623,9
10100267,3,5.451964845257824,10
10120267,3,5.794191574621451,11
10696059,3,5.889210331990817,8
10757702,1,5.189716202108539,10
122093097,3,5.831013315487406,11
124274137,3,5.507210458465452,9
10215664,1,6.204018622923498,9
115073537,3,5.908183464201512,11
116024137,2,5.80718826593923,2
117055625,3,5.721083170292396,7
125119169,3,5.114987530275713,9
113419889,1,5.7349298477472495,8
107647570,2,5.807208856071831,11
113601193,3,5.726067366676967,6
118808889,3,6.505779375178,11
10416907,2,6.4575593317236475,8
10697343,2,5.899825168538419,6
111205226,3,5.771541353728095,12
123314609,3,5.705078157825308,10
118778673,2,5.147438645142407,4
118888121,3,5.614018792368048,11
101364834,0,5.892905439963665,4
10312874,2,5.4766910212886595,11
10728396,0,6.341161903716403,3
10788532,3,6.037139158429692,11
116706233,3,5.356598941624746,12
119346545,3,4.203073611574292,8
101914266,3,5.684824477333038,10
102085666,1,6.344370761317532,6
103384498,3,5.687373886782339,10
10370848,3,5.857250964823005,9
107736970,3,4.867277184833059,10
110042570,2,5.528182086565432,8
112905898,3,5.667371613379261,9
118456833,1,5.746541845347823,11
118785289,1,5.608833775153804,10
10155815,3,5.600389339193977,13
10470630,3,5.77004238021384,6
122154985,3,5.5864687946765725,9
10183941,3,5.231602444052209,10
117916001,2,5.4631268402920075,8
10659886,3,5.876286951173547,7
111002490,2,5.629376893460256,11
120119785,3,5.920989531338944,8
123931449,3,5.325595358511889,10
10760325,2,5.4056374182121925,9
121788009,2,5.698280522016779,10
102952578,3,4.58835859581292,9
113977305,3,4.418968071618324,11
118811881,3,6.1061451132380204,11
124682649,2,5.438673091451321,12
10518924,2,5.085188090944136,7
112044866,3,5.672268301170344,8
117027985,2,5.602506824245394,9
117109065,3,4.823654487406815,8
10303438,3,5.513233425682667,8
118781361,3,6.47644532425163,11
121955505,2,6.024817973726078,8
10043801,3,5.264566530193249,9
103502002,3,6.074858053572088,9
118841633,3,5.410743020639633,9
122081305,3,5.325858170955205,10
10281321,3,5.99141411725032,10
10774871,3,5.496271962020132,9
117488401,3,5.6103625130245725,10
10063068,3,5.4969020404956535,9
102996298,3,5.407020410957554,10
103216602,3,6.068225835149488,10
10582930,2,5.664830042438746,7
118802153,3,5.699450787081572,10
119535041,2,5.984592606829047,9
122244937,3,5.42600816671983,10
10012508,3,6.095758852344343,9
10094682,2,5.4601752553756215,4
117056185,3,6.219607579527327,8
118593769,3,5.650130813499814,10
125552498,2,5.36541406993713,9
10459881,3,6.129153141550763,9
10604965,3,6.610219909126329,9
115002465,3,5.802927649211841,9
118817865,2,4.156135206485298,9
120448506,2,5.570824820773705,7
101579522,0,5.59167746131743,6
120551017,3,5.660950689087241,12
10021791,0,5.224576467348909,14
114244561,2,6.068496374134881,7
116050601,1,5.600100772625707,4
118760649,3,5.302050714879942,10
123948441,1,5.525169643768138,8
10618353,3,5.301362699016472,11
10117471,2,5.461422706509437,8
103648954,3,5.506194938540897,9
115619153,3,5.687032812019361,9
124981409,2,5.980291473863292,5
10194307,2,5.36616853462999,10
10322363,2,5.341923269579328,9
114811105,3,5.274491938201213,9
118322641,2,6.132700038542425,7
118792841,2,5.8662573446203305,10
10278337,3,5.433180434557789,11
115164545,2,5.656654399370674,10
116446601,1,5.830206039399665,9
119340785,3,5.308735512228161,9
123241265,1,5.988865132039236,9
100240426,3,5.764230374669833,9
101992442,2,4.308728536258542,8
118686593,2,5.241195502542285,8
121657113,0,5.610038440771566,6
123459073,0,5.403373021114299,7
103738138,2,5.612300919519156,7
10491749,3,6.3736231309357505,7
121157737,0,5.999865646449115,15
112040778,1,6.35977855697803,3
119149737,2,6.113786348624257,8
121572297,3,5.58638854784462,7
10294745,3,6.144963348461358,10
10749684,2,5.711260451680944,4
117013553,3,5.925381739689445,10
118970753,2,5.911294685906574,6
100532962,3,5.565182613031116,3
10290949,0,5.819142726545967,9
107080018,3,5.560524920128942,9
10793094,3,5.715418750341422,11
115777233,2,4.3961189833756,9
118800777,3,5.467278099481524,8
10334732,0,5.678079952253243,5
118475913,3,5.029957020699635,9
119918177,3,5.938259846760011,9
107874090,3,6.098905301213716,9
114323969,0,5.5689626552992655,4
114797801,2,5.758730609479965,9
114251585,0,5.711345060252652,3
10487413,2,5.818026225868694,8
118200593,2,5.399796732710749,6
118644385,3,5.660071366140369,10
100170616,3,5.593273215522437,10
10417888,2,5.4839031233666,8
10466684,3,4.193037651133825,9
110962402,2,5.575481502888963,8
123025297,3,5.259941407716403,10
125155433,3,5.29220495279479,9
105233010,2,4.960147138494375,9
116479041,3,5.602613142612104,11
117015113,3,6.10077655542945,11
124612641,2,5.544327813010561,7
10038649,2,6.045568503644509,10
10181667,1,4.351596388529473,7
10507382,3,4.249408676969714,10
10840157,0,5.396566712048034,13
116377137,3,6.413163294794495,9
10330725,3,6.044153425341595,9
10548799,3,5.3356111111080855,8
10700099,2,5.36561639169167,11
113172298,3,5.176648749942479,10
115450025,3,5.863877243576906,13
116133289,3,5.7535452080778775,11
121629529,1,5.626717648372288,7
10687789,3,4.557007724813904,9
110812290,0,5.995929722631123,5
103191818,3,5.42491166320027,6
10413087,3,6.112623911981446,9
10185816,3,5.584676595954959,11
102159722,2,5.783821817056827,9
10593238,2,6.095029691233259,8
117026369,3,5.003833455620444,9
122726849,2,5.693895318261003,9
10219599,3,5.38742419299305,10
10664091,0,4.911157955989274,3
101915922,3,6.252456813456792,8
10719665,3,6.308514606217787,8
10768209,2,5.702770967198632,10
109710658,0,6.222929157629357,6
113793937,3,5.558675139409714,11
117115569,1,5.891539553965497,4
118787761,2,5.934557597682041,9
10232969,2,5.4820441578501065,8
10770945,3,5.302002929377048,10
118066377,3,5.8026765175133175,12
120549513,3,5.9941836356327185,9
120817089,3,6.094597024882424,11
10097074,1,5.700456254064649,7
101009538,3,6.008099615542491,12
10458730,3,5.48584566731749,12
10161032,3,5.845723305568511,9
105488330,2,5.876789021752105,3
114595465,2,5.965231651827848,9
116872833,3,5.609904351705521,9
118790673,0,4.871166517970766,4
118831497,3,5.0477647772993866,6
10797771,3,5.558642970492849,10
118248009,3,5.76595996955395,10
118805145,1,5.863991817791126,9
120130201,3,5.406176139990452,10
10183602,3,6.060359304232519,11
102688330,1,5.737745326952012,8
118797201,3,5.695247586235861,9
102928218,1,5.633644317712961,5
10298963,2,5.590208765328231,11
118791281,1,5.8012292389552504,6
100122337,2,5.441106018699502,4
112912010,3,5.639346065768833,10
114454825,2,5.4563730594995095,6
122106617,3,5.624725893990675,10
105276506,2,5.438918382666987,9
10805160,2,4.256100252709576,9
110622026,2,5.2896845364809755,9
117049569,3,6.011307799805311,9
125779698,3,5.296204728665046,12
102106834,2,5.027895989960027,10
10748878,2,5.4795152939390555,9
10344320,2,5.438975177113364,6
10364589,3,5.358359795182491,8
10516487,2,5.33241027625604,10
106973146,2,5.492413144789995,8
113485593,1,5.197485608976227,9
122079457,2,5.599053660059336,7
123810001,3,5.522373402454995,10
118009457,3,5.9105685344770755,9
122904977,3,5.498075697858331,11
124546193,2,4.336996521715181,9
117010761,2,5.985610501044266,7
10098837,0,6.144006798001401,15
10323658,2,5.295329221682824,10
114674785,0,5.781116028532358,2
118781177,3,4.966766604951913,12
10249075,3,5.339413278850763,10
10319201,3,5.9632899096321745,9
10531988,3,5.744119046498005,7
10721724,3,5.458097016630848,9
113782457,3,4.318985998737594,11
117034905,1,5.525311149087623,6
118798041,3,4.819766608305412,6
103328290,3,5.760937438682433,11
10272985,3,5.7343750864927765,10
10499607,2,5.68852710312908,10
10762615,3,5.803352892462167,7
117124913,2,4.8479295567462914,5
118322689,3,6.14467690030528,8
125812730,2,5.650731597201912,8
103155394,2,5.475412882203936,8
10636336,3,5.496301169953068,11
116929025,1,5.397495470084398,7
118317601,1,6.246350286271075,4
103216506,2,5.691686363190142,10
10726147,3,5.035331933114347,10
111193122,3,5.736584734863476,11
10429491,3,5.946221869586939,10
10742004,2,4.33528206057386,9
10748334,2,5.88816267560613,8
122011449,3,5.549330943881912,10
10476665,3,5.792744344694276,9
117065769,2,5.408800174810057,5
106359962,3,5.5885871539800425,11
112022106,3,5.257521445252127,10
10148788,1,5.369928910238477,8
105641514,2,5.551468142200617,8
10773952,2,5.7329763446186135,8
117208745,3,6.166466552649201,8
100084429,3,5.91274707357466,11
10335674,3,5.512919750555118,9
10350067,2,5.547256198256248,9
10194017,3,5.646605630487025,10
10295716,3,5.468400480318704,10
112905946,3,5.698854652352395,5
121974361,3,6.133821318636538,10
10649045,3,5.731543496233474,10
10469547,2,5.576154425757414,5
113666817,3,5.709961180916439,11
118690377,3,6.410786711781389,9
120434978,3,5.559134383705796,12
111995434,3,6.384331530669954,11
101419538,3,5.658204029426864,11
102225434,1,6.324412636663775,6
10650683,3,5.237553213506537,10
119069129,3,5.478398425790415,10
119663369,3,5.469004213756861,7
10188077,3,5.861733777146915,10
102503626,3,5.664899224791292,11
10489414,3,5.175058306522797,8
10770943,3,5.580970394148238,10
10553059,3,5.881617456439799,9
111618922,3,5.349272039721988,9
116581473,1,6.067903144288047,8
118810873,2,5.589967643829952,3
118828521,2,5.03249994070524,10
10401287,3,5.330417053429833,7
10542153,2,5.887666844493366,9
10633991,0,5.690094111984874,13
110963378,3,5.781161748392939,11
124124649,3,5.605544524254962,7
100429202,1,5.8709545442891855,10
102002930,3,5.934208398023703,10
10537433,3,4.9489700314595675,10
118798641,3,5.552483447789907,5
122077169,1,5.779105142346183,8
10272326,3,5.15574414533886,10
10648079,3,5.358933287851413,10
110624410,3,5.638565921732463,10
111751082,3,5.197358041032522,11
121163233,3,5.508988849291564,9
123497569,2,5.778528292695949,7
10527162,2,5.955329043536089,10
111811122,0,5.332002980049809,9
115749225,3,5.157273410167612,8
117056905,2,5.817974600994853,10
117106585,0,5.605029123753661,3
10206063,3,5.860951991016048,12
117054417,3,5.536592474577861,11
118006553,3,5.860773578785815,8
118803601,2,5.3711556193946866,9
100166267,3,5.693589402189506,9
10102738,3,6.2346917051884665,9
105676642,0,6.424204640790916,10
10766650,2,6.188348534366932,9
10678111,3,5.298065069331366,10
113632273,2,5.426407522072376,8
115861121,3,5.769330942491306,10
120882097,3,6.294614864338269,9
125155241,3,5.651186744172145,9
10671986,3,5.2729142672111715,9
109696338,0,5.01314002525241,9
117013905,3,5.718499359233348,10
10282591,3,5.59040060064593,10
118702473,2,5.613143125081278,7
112027066,3,6.165389200977614,12
115862809,1,5.751824826346875,7
10007871,2,5.567032756114199,11
121778417,3,6.176281273270605,9
10037225,1,5.705857598918005,7
10341727,2,5.133115976314658,8
10668497,3,6.140920598803365,9
111845074,3,5.647651005369171,11
116190881,3,6.845152403606174,5
118795769,2,5.7630263948652685,5
120858513,3,4.64538941352949,9
121123553,3,5.145272194310952,9
104838370,2,5.173938860372589,9
113980657,2,5.501138195646224,8
10670465,1,5.044081523097699,7
10816376,3,6.0619282886294155,9
118448081,2,5.601052379525933,8
125330265,2,5.782385908961091,8
10067592,3,5.378965354620195,8
10194640,3,5.266840016116573,11
10536439,3,5.782435497061769,9
10542498,0,5.804585571347414,13
10783757,2,5.681467388246499,7
118310905,3,5.951720744218928,12
120558729,3,5.471867494723513,11
124973465,3,5.2271480987974765,11
106359898,3,5.606801997749877,11
117010921,3,5.493758412227868,9
100149376,2,5.780396651051256,10
103679442,2,5.2860228559648625,9
116119961,2,5.555594230627413,9
117024145,3,5.590260321907317,9
117069697,2,6.687160506790888,8
117022737,3,5.549869350770839,12
117108873,3,5.597140485054769,8
122220689,3,6.283762447862296,12
10239433,3,5.96469014096022,8
10386183,3,6.108400639006913,13
10619850,2,6.397199786792926,9
110846282,1,5.7960372146232935,7
117464353,3,6.325326269623135,9
120991385,2,6.2729837233325005,9
125608938,0,5.487029248182458,4
10724729,3,5.185267484894169,9
118448145,2,5.635241727828585,8
119071601,3,5.368298147979372,10
113186569,3,6.368824653703877,9
117031713,0,5.477925535705657,11
102505130,3,5.539172997084374,10
10359074,3,4.282295489744817,11
10756147,3,5.791526259313908,9
114634969,3,5.532058423330426,10
117066833,3,5.328213486048359,8
117451033,3,4.862983338956925,9
118760809,3,5.194528660686801,9
10717922,2,5.88520820002694,6
122287833,3,5.752989843373686,13
10112683,3,5.965759293528216,10
10303432,1,6.089902704205416,9
10642055,2,5.396237235433968,10
106582138,2,4.829359447038312,7
113440065,3,5.012830602803092,12
115025641,3,4.783816406307706,8
123213849,1,5.286590296154264,8
125964650,3,5.645333129310882,11
10617582,3,5.955767276718811,9
10773341,2,5.937169162148725,9
10138087,3,5.742497099394201,12
10438747,0,5.982284045385301,7
10731534,2,6.577944458204972,10
108136778,2,5.444593542568273,9
119149921,2,5.530592021151808,9
121908329,2,5.450646777016565,9
103133802,2,6.590161448493658,3
103161530,3,5.891370941919312,11
112480378,2,5.88441609896343,6
118808241,3,5.376827784585217,10
120939545,2,5.725797382069571,9
101393874,3,5.1594718880578645,7
103404602,3,5.547806168114999,10
10703085,3,5.28567004864814,9
10212716,1,5.538439075357815,6
118787185,1,5.831177232162272,5
118819825,2,5.537795586400046,9
124753497,1,5.72753100619467,2
10053442,3,5.673105848584045,9
10415210,3,5.350559891074,9
114783777,3,6.111970043158322,8
119500977,2,6.022296537195425,3
122367425,3,5.131601409215015,12
102938282,3,6.072507671182071,10
118796473,0,4.246346211384887,7
118805001,1,5.916400859255067,7
118908809,3,5.735721291162446,10
106581010,2,5.573334251743466,10
117074225,3,5.859963484540515,7
118789929,1,5.138943945680595,5
10392454,3,5.54049015549878,11
10779201,2,5.539337181945299,10
122157481,0,5.633963103730459,9
102505842,3,5.656868756125691,11
105626402,3,6.252337875878435,8
110943594,1,5.431416668664375,7
100681730,3,5.7122617757064695,10
103645298,3,5.716424345746334,9
117009049,3,5.577728701270129,12
118666249,3,6.062915397101269,9
102449370,2,5.501421344142008,9
117779017,3,5.708881446061816,8
118533225,3,5.456875332246393,11
105226074,3,5.411937362729647,11
105514250,2,5.162393532403797,4
119961113,3,6.530406070449902,9
122153417,3,5.589985603176818,4
10596763,2,5.614687655201345,7
10720158,3,5.661545251119912,11
118329481,3,6.208642422727574,11
118427817,3,5.394449210307968,11
118673761,2,5.836954173473625,12
10488513,2,5.627823404183536,9
109767250,2,5.232972838379704,8
114779105,3,5.8145387636656,11
100177162,2,5.702013185185316,5
10392466,3,5.089460075989916,10
10614152,3,5.427839570534736,10
116642425,3,5.588668340468045,13
118665761,3,5.796214600281191,9
122220553,3,5.292396908260966,10
125892122,1,5.9590403980246665,6
10645907,3,6.302483412143503,9
10782205,3,5.894905987517161,9
117160881,3,5.887721379554184,9
118180113,2,5.546776497562974,3
118801985,1,6.130085367647566,7
124259025,2,5.772002328884439,6
117075241,1,5.836616363900664,8
117113497,3,4.111246449779496,9
118891361,1,5.749664011942501,7
118916617,3,5.492785280617205,11
118918985,3,6.460451646882649,9
10696554,2,5.9542571180363915,8
117052073,3,5.553759690016505,11
119666745,2,4.21978374073562,10
10278503,0,5.721366342574881,7
118970329,3,4.833064205276131,9
10275639,3,4.16787048726806,9
10294613,3,5.304976579892555,11
103441042,0,5.475722725669369,4
118800217,2,5.713558014398967,9
100038207,2,5.791398657387095,6
10587453,0,5.5719727069841865,9
107045802,2,5.575896943415489,7
10742814,2,4.931322703994888,9
113152290,2,4.234130758744955,9
116737865,1,4.337080879452384,7
118066617,3,5.346862990585467,8
118862313,2,5.4889042154105825,4
123679329,3,5.031430022609842,10
10012191,3,5.466764335357454,10
106834122,3,5.263580041165716,6
107410522,3,5.702689049760529,8
114183305,3,6.167295332777289,8
119271329,3,5.443910505113929,8
121005753,3,5.868989552465014,10
10164305,3,5.77219961921253,8
102246634,2,6.089381880965114,7
10548486,3,5.230299936688422,10
10676303,2,5.8821511605471235,10
10747277,2,5.7655823506054436,8
116117241,3,5.087635352602715,10
118789345,3,5.641547180245174,10
123563353,3,5.983535662148434,10
100166169,3,5.504763107599125,10
10304094,1,5.157428039764199,5
117070033,3,5.279317713160024,8
118804241,1,5.780166027930866,8
118924545,3,5.512113602804604,11
120550817,3,5.476036869276756,12
104989810,1,5.879620066297596,7
10756966,0,5.43885044604442,9
118726337,2,5.399861917137968,5
118805049,3,5.765569978401166,10
10324609,2,5.722564436529117,8
117020457,3,5.995655056084422,9
117062825,3,5.466833943696262,13
10765017,2,5.8226245211241485,8
10803667,2,5.346754085273126,9
116191217,3,6.374756920253218,9
117069353,3,5.418141432177898,9
123321857,3,5.302830215515247,10
10416004,2,5.9344304289832674,10
113736177,2,5.8489780645516944,10
118333873,3,5.982630841777144,10
118981753,3,6.395316132058421,11
100076651,2,5.162114314728445,9
118795745,2,5.292270697814735,6
121957913,2,5.589530934585239,10
124928145,3,5.030686476331363,10
112905002,3,6.30399580687123,11
115867977,3,5.880774803739758,9
10282135,3,5.73197522836348,12
103006362,3,5.3628391277121565,11
10609171,3,5.779064312215305,11
117024545,2,5.701523967999044,9
105974626,2,5.314195199901761,9
10659267,2,5.800389115286431,10
116502929,3,6.2389466779956795,9
118890377,2,5.408387813499342,4
10681905,2,5.467641289904714,10
110944498,3,5.723281519288298,9
123511401,3,5.462141835355403,9
101147106,3,5.564434301860831,8
10781084,3,5.484502460834784,11
111069178,0,5.149464341274114,9
117067361,3,5.206716338253125,9
117108625,2,5.311475232184284,10
10601332,2,5.355038574757516,9
10127695,2,5.872973927122208,7
102401578,3,6.055815655966795,12
102499938,0,5.873738827936243,8
10627115,2,5.689882497470793,7
117067033,3,5.797125676565352,9
10366255,3,5.308051003828009,8
114464161,3,5.249470424389157,12
115753441,3,6.101139984199335,9
116505025,3,6.459639286850173,10
100002652,3,4.79931522360798,8
110577578,0,4.157910780422366,3
117164105,2,5.753754766259067,7
103040946,2,5.2729722334046345,6
117008849,3,5.584927722789524,8
118715465,3,5.96807980800708,8
119749201,3,5.021951609731375,9
10416024,3,5.7385521641047985,10
10566682,3,5.391749613540368,10
113067034,3,5.761991203829989,9
117042817,3,6.42396041881537,8
102437106,3,5.373261121484791,11
10329228,2,5.859839708768896,10
118787313,3,5.459421782691132,14
119749761,3,6.2800931692561,12
10063192,3,5.611404018643374,10
101943338,0,6.348439569204407,7
101958914,2,5.321948161230769,10
10278301,2,5.291876289795095,9
10767994,3,5.414196415286158,8
112597122,2,5.724549874017656,11
118800849,3,5.16709609090036,6
10248665,3,5.680652472553931,10
10772321,3,5.960184368485752,8
113507641,2,5.000406173169802,7
118792033,3,5.838473436441724,9
125157297,3,5.779904838097502,8
10408117,3,5.326546301366753,7
10038653,3,6.056356471601132,11
102837378,2,5.382995396355582,8
10690649,3,5.083834323644371,9
10711258,3,5.841360492567087,8
111196866,0,4.92470553417319,3
118851385,2,5.803945610653224,9
117073817,2,6.579178507080403,8
10591853,3,6.1772025084936075,10
115753185,3,6.170163546470212,9
122161113,3,5.804091951061497,8
103135370,2,5.535636037104827,9
10338045,2,5.703877223025435,6
117672177,3,5.6858197641998816,10
10135747,1,5.266758610530265,9
10393533,3,5.260164118646536,11
107694242,2,5.870641700310136,3
116989929,3,5.722375033173467,9
118787177,1,5.534081164132219,9
118809849,3,4.906709520170186,9
120644769,3,5.988112914590074,8
121168273,3,5.452242254119084,9
116849473,3,6.277697505400536,12
10354617,2,5.591794154140635,5
111254906,3,5.3308458117955055,10
114595425,2,5.258260940036537,7
103636594,0,6.011795008648428,10
10515102,2,4.814613916007092,10
10739435,2,5.874781115086441,8
120171578,2,5.934869486347668,5
10305435,1,6.135039352343118,9
10477197,3,5.200924485714703,9
10712195,2,5.314353616406514,9
118774137,2,5.268939922455728,8
125387458,2,5.163494694796305,10
10381846,3,6.292832183216203,9
117054081,3,5.372073503998693,10
118771169,1,6.376153099235486,7
119439657,3,5.908488563640473,10
10492242,2,5.078966373267028,10
10648133,3,5.531325297349348,10
113666801,3,5.417759299024066,12
118347857,3,6.498163754657026,10
10271563,0,5.713198529535654,1
102895674,3,5.850100466789144,12
113600721,3,6.004376729635672,11
123510313,3,4.430508146011433,10
10075573,2,5.776209927266259,10
103190418,3,5.709163137673664,9
111358546,3,5.634985383487118,11
122420209,1,6.068375004858616,5
100002543,3,5.432116909941822,10
10038661,3,5.9212595303278155,10
101266154,2,5.897169447829019,9
10583026,2,5.6330767032383395,3
125102201,2,5.471032990695516,7
10275436,3,4.294818242252522,11
10642259,3,5.968728034206197,9
116034321,3,5.374288678137102,9
117108641,3,5.3251206170822805,11
10250573,3,6.280254216316577,9
10325553,3,5.458509364273168,11
10392452,3,5.356223711729164,10
118808025,3,5.0240932907152445,10
118811593,3,5.195226113515631,9
118813289,1,5.579352562333858,5
10100628,3,5.8948135420234875,13
10293468,3,6.000676161376227,8
10776078,2,5.910112625532168,8
118790761,3,5.37535473534709,10
118814929,2,5.454780599225759,7
118819641,3,5.3740907547048025,9
122881657,3,5.43548474611444,8
124267545,3,5.182919070915624,6
101166018,3,5.668005528816729,10
10321101,3,6.340729042112899,11
10449032,1,5.425135059914827,9
117028241,2,5.673313633719578,10
118206785,3,5.476682904058757,11
118699633,2,5.045878364242984,9
118798201,3,5.527441419188254,9
10404691,3,5.497708236305614,8
10667763,3,5.304129601795582,9
123675369,3,6.394714145331665,10
125996858,3,5.4628488782243885,11
10534600,1,5.434237129539546,8
10664338,3,6.147294265247065,9
118805233,3,5.950738456032973,8
118828337,1,5.923201936074452,9
119285537,2,5.552548668188585,8
10671039,3,5.572692897806261,10
10763831,2,5.976133856407606,7
110373306,2,5.609748169504003,9
118793961,2,5.358548558939212,7
102886210,3,5.630878819337277,10
10815609,3,5.4703255032618845,9
124018041,2,5.60793884844221,7
10319692,2,5.8138491160777255,9
10826864,2,5.975175558899198,7
111269722,3,5.498888946511308,12
118661681,3,5.544184668660589,10
118820073,2,5.251451314214182,8
