courier_id,level,speed,max_load
10619173,1,5.524270385204392,9
10799255,2,5.716396781703695,8
112996714,3,5.374681057067059,11
113147922,3,5.5167997071612325,10
117428305,2,6.453615693504792,7
10518924,1,4.776343029264349,7
112044866,3,5.892351915086205,8
117109065,3,5.07015731247871,8
120551017,2,5.6261603024230755,12
10212716,2,5.396643218289963,6
118787185,2,4.993698568880086,5
10377583,3,6.178801019656844,11
124686817,2,5.239029489552474,9
102333794,2,5.437577633381769,8
117070713,3,4.545089679516154,6
118662905,3,5.630927522352414,10
101914266,2,4.8011848195102695,10
103384498,3,5.2006641842597,10
10370848,3,5.258587073615844,9
107736970,3,5.2144603366405,10
110042570,2,5.404831890993034,8
112905898,3,5.746621747526868,9
118785289,0,5.547753757807547,10
10576831,3,5.43400176678862,11
116288617,3,5.018927131669239,8
10405101,3,5.988874681127611,10
106568746,2,5.681633100720325,6
111731282,3,5.697726014799183,9
118394873,2,5.634481269523765,9
10303438,3,5.420778969719567,8
118781361,3,6.229028011823927,11
121955505,1,5.673682987144712,8
111356426,3,4.725939844039266,7
10525316,2,4.715827193662931,9
117068537,3,5.4248623104691935,10
123307425,3,5.981059710281457,9
118778673,2,5.649652084854124,2
118888121,3,5.529836074812038,11
103191818,3,5.612262434633464,11
102505146,3,4.679407065991974,13
10289729,3,5.0699201442630635,9
10360357,1,4.425691208301075,7
111025498,3,5.5423448741958286,11
118266025,3,5.635118905516839,10
10417888,1,5.083195980827602,8
10466684,2,5.792925713984765,9
123025297,3,5.628673235232009,10
125155433,3,4.509736351902097,9
102449370,1,5.499753493274477,9
117779017,3,5.697620480048945,8
118533225,3,5.18471558697676,11
10021791,0,5.836812475445218,14
102358466,3,5.578631390377332,9
114244561,2,5.582344250498202,7
116050601,2,5.778741425451307,4
118760649,2,5.03658750453573,10
124924697,1,5.15372423368415,8
10618353,3,5.272669654102464,9
103404602,3,5.862273066432335,10
10703085,3,5.810867915858953,7
102748698,3,5.214024996494909,11
10712014,2,5.551630290011786,10
118818985,3,6.202652474572963,9
122939081,3,5.840478045388025,11
10183941,3,4.565883621902089,10
117916001,2,5.674265682358107,9
120625801,2,5.453317293517771,9
10344320,2,4.728582471127376,6
10364589,3,5.291456240380979,10
106973146,0,5.508475949051163,7
118877049,1,5.7150077814206774,8
122079457,2,5.493737690119343,7
100069773,3,4.109764854448085,11
118559025,3,5.796323006463877,8
120948521,3,5.6446490077660085,10
105233010,2,4.544985063026003,9
116479041,3,5.158789896917824,11
117015113,3,5.4511210759955,11
10219599,3,5.502073987950134,10
113186569,3,5.914155854778947,9
118804441,3,5.592260389142311,11
112040778,2,6.243352477389991,3
119149737,3,5.69769983305746,8
121572297,3,5.852189344684451,5
100023698,2,5.415761618914194,9
102086882,2,5.55374959886102,8
104583538,3,5.309690032673374,9
108061506,2,6.659655319849865,8
118789185,2,4.933710278161897,6
10098837,0,5.626690206475041,15
10323658,3,5.33112627227029,10
114674785,0,5.369112907065746,2
116971497,3,5.701846383062703,8
118781177,3,4.944586637652406,12
10215664,2,5.799343917550453,9
115073537,3,6.023542907812836,11
117055625,3,5.750561310168141,9
125102361,3,5.720716561764093,10
125119169,3,4.9801871431219915,7
10457899,3,5.3946431672168185,9
114251585,0,5.334899499788949,3
10513697,3,5.475126892401203,10
10656566,3,5.765242060428656,10
10711180,2,5.96881300670065,9
107672506,2,5.808649570038151,5
10788423,3,5.95902922392604,11
117025081,3,5.461062555311687,10
118667561,3,6.201249385882468,11
10416907,3,4.46143092863398,8
10697343,2,5.847394926797862,11
111205226,3,5.618710308766602,12
123314609,3,4.8291080802198465,10
118308465,3,5.117785288834419,7
10312874,3,5.133113261925058,11
10788532,3,6.727238706850299,11
116706233,3,6.27818217432392,12
119346545,3,4.481971672756183,8
100038207,2,5.55200279620127,6
107045802,2,5.054084000234464,7
10742814,2,5.277122216252429,7
118066617,3,5.3519582528428025,8
118862313,1,5.673050352029116,6
123679329,3,5.665547534337701,10
104989810,2,6.112152983973348,7
10756966,1,5.381640330953206,7
118726337,2,5.110581751296053,5
118803113,1,5.68813951165619,8
118805049,3,5.396228941420413,10
10043801,3,5.506490402009755,9
103502002,3,6.142659145510656,9
118841633,3,5.3063851949211,9
122081305,3,5.562318173972314,10
125864962,2,5.457709556038464,8
10206063,3,5.837091749798835,12
115598089,2,5.364938682235828,11
117054417,3,5.484859756991884,11
118006553,3,5.787387207648489,8
118803601,3,5.1996763722219645,9
100532962,3,5.342135721513737,8
10290949,0,5.344270794141331,9
107080018,3,4.768540324598921,9
10793094,3,5.6466550804472755,11
115777233,1,4.649837256258615,9
118800777,3,5.314762865572626,12
10097074,2,5.787210052470771,7
101009538,3,5.769822849607391,12
10458730,3,5.838222738311328,12
120549513,3,6.047772679332645,9
120817089,3,6.435040711419239,11
118810873,2,4.861207932054016,3
122942881,3,5.290725889967475,8
121658489,2,5.38142704738153,10
10804247,3,5.91121383216993,10
110105858,0,5.2674449461091495,7
124928417,3,5.569941653260092,10
10645907,3,6.48456915279287,9
10782205,3,5.946068574072411,9
117160881,3,5.830937576452455,9
118180113,2,5.049900858974625,7
118801985,2,6.002317869708406,7
124259025,1,5.539034279611711,6
10081729,2,5.33394704399031,10
10401287,3,5.264995665134293,9
110963378,3,5.972327255145885,11
124124649,3,5.608245256933809,9
10659886,3,5.929861434041634,7
111002490,2,5.7223175913323745,11
120119785,3,5.48780885259096,10
123931449,3,5.48426657759952,10
102928218,1,5.453126290430272,9
10298963,3,6.156855664354944,11
10632815,3,5.167732374855605,8
10528147,2,5.7805938656112605,10
109539178,2,5.140822300918216,10
115063897,3,5.568337724561681,10
118797393,3,4.380160172938949,6
10039046,3,5.313891569583383,11
10282591,3,5.44839441370744,10
118702473,2,5.384537518674063,7
10043299,2,5.8547712037829855,10
10232315,3,5.677508593464045,13
117042865,3,6.332445382390244,7
10102738,3,6.503418051060905,9
10766650,2,6.359727620268002,9
123756545,0,4.832258332161621,5
10148788,1,5.569136711192349,8
117208745,3,6.133363127480636,6
10117471,2,5.839075422957537,10
103648954,3,5.2168020701264615,9
115619153,3,5.465066892977799,9
10213217,3,5.034912723014497,10
10361752,3,5.9276969616072135,9
118916329,3,4.539449577748518,9
119531657,3,4.12747011565574,8
10100267,3,6.151708161615186,10
10120267,3,5.452072867208597,11
10696059,3,6.12169154145629,8
10757702,1,5.152735014554591,10
124274137,3,5.7454281067847806,9
10726147,3,5.441919232363359,10
111193122,3,5.762531005777324,11
107699026,3,5.386023567492321,12
116795681,2,5.3885055933910895,3
102437106,3,5.284100057186146,11
10329228,2,5.6872494529507485,10
118787313,3,5.331329669262031,14
119749761,3,5.493919433593718,12
100122337,2,5.3387769559723095,7
112912010,2,5.758230804082539,10
10012191,3,5.511853427834884,10
106834122,3,5.372144978914215,8
107410522,3,5.414690374888505,8
114183305,3,5.958397397870558,8
119271329,3,5.67863538486187,8
121005753,3,5.354194220136466,10
100134611,3,5.437629713788132,9
100147671,3,4.7240573838625055,11
10258665,2,5.4233554239498645,10
113493697,3,5.083182549159433,9
10330725,3,5.932061341263666,9
113172298,2,5.334604482781189,10
115450025,3,6.222892493292025,13
116133289,3,5.449445778019937,11
121629529,2,5.422150672108013,7
102054458,1,4.269707991280321,7
117026449,3,4.475623680828944,8
113601193,3,5.349008524788888,6
118808889,3,6.045241528303079,9
103328290,3,6.017284255890435,11
10334732,0,5.81426965492375,5
118475913,3,5.454856380742313,9
119918177,2,5.589990808140216,9
101915922,3,6.791228730448464,8
10719665,3,6.36639465013008,8
113793937,3,5.111616551684811,11
117115569,1,5.447788877669144,4
118787761,3,6.143020817844213,9
101180274,3,5.577035788936826,15
10678111,3,5.068856362879892,8
113632273,1,5.872633524353202,8
115861121,3,5.360156842521168,10
120882097,3,6.223956778799004,9
125155241,1,5.687349073172449,9
100240426,3,6.208353653111179,9
101437378,3,5.360899425120224,7
112607178,2,6.005662874173689,7
121657113,0,5.170002073364053,6
123459073,0,5.782645304457471,7
10185816,3,4.84898747843668,11
102159722,2,6.025911980842258,9
10593238,2,5.332817765579862,8
117026369,3,5.607833926570383,9
122726849,3,5.374423845708877,9
10194307,2,4.478730019541182,10
10322363,1,5.537423961197392,9
116226473,2,4.705532046816939,9
118322641,2,5.940159640402503,7
118792841,2,5.342840938491157,10
102697066,3,6.327551724793845,11
10365330,2,5.697453366211393,10
117056801,2,5.760722214634083,9
124001625,3,6.119915381447576,11
10609169,3,5.748151646180295,11
10765017,2,6.873922931365601,8
10803667,3,4.617620044780244,9
116191217,3,6.4263275185550395,9
117069353,3,5.000715060306143,9
123321857,3,4.903746438458767,10
107874090,3,6.081123539389674,9
114323969,0,6.371358789160702,4
114797801,1,6.4623795093461505,9
10544976,1,5.74421414719568,5
117073817,2,5.664386449877235,8
100170616,3,5.495441527649078,10
118923665,2,5.405064432572458,9
10161032,3,6.333846619221887,9
114595465,2,5.596733018551631,9
116872833,3,5.605999263363453,9
118790673,0,4.9979125621865155,3
118831497,3,5.412944341681875,6
10687789,3,4.492125658573777,9
110812290,0,6.421917082737584,5
111995434,3,6.005340327081704,11
112075042,3,5.7118589311223555,9
10281321,3,5.898037637247051,10
10774871,3,5.496411233718654,11
10155815,3,5.738150835686525,13
10470630,3,5.60080676204142,8
111187786,2,5.015847454838007,3
122154985,3,5.523117412013569,9
10696554,2,5.5114607905639055,8
110842146,3,5.356695947532349,9
117052073,3,5.5142741247503855,11
119666745,2,5.259464541748168,6
112022106,3,5.350170382485425,10
118814697,3,5.328014968733645,9
10208063,3,5.669388220013982,11
10272985,3,5.3626048094977135,10
10762615,3,5.917451246537485,9
117124913,2,5.409089143687888,5
10112683,2,6.072923386984624,10
102386650,1,5.4416101162305415,10
10303432,1,5.216389837683871,9
10642055,2,5.370746914287706,10
106582138,2,5.222496464837539,7
118802473,3,5.970234631563082,7
118816345,3,5.479845728029894,12
123213849,1,5.711457692056744,8
125964650,3,5.447531036324496,11
10282135,3,5.375884621645096,12
103006362,3,5.168984341136585,11
10609171,3,5.327353021197541,11
106881682,2,5.571079093317531,7
10724729,3,5.464321359492556,7
118448145,2,5.377176041047931,8
119071601,3,5.1896204469647955,10
100149376,2,5.796152790712555,10
103679442,2,5.161040925631721,9
116119961,3,5.129411028563436,9
117024145,3,5.350890400746758,9
117069697,2,5.635069260809801,8
102952578,3,5.2711790002379875,9
10638398,3,5.20399340318589,9
113977305,3,5.632038797070261,11
118811881,3,5.446355185043899,11
124682649,2,5.731838621402084,12
10760325,2,5.028644418388049,9
114286177,3,5.5027046406783295,8
120561993,3,5.6544029362497055,10
121788009,2,5.835750534318425,10
10272326,3,5.38735990453537,10
10648079,3,5.531217595056628,10
110624410,3,5.294255123206295,10
111751082,3,5.3045544674475105,11
121163233,3,5.461859231955068,9
10469547,2,5.669753055883984,5
113666817,3,5.455339522060347,11
118690377,3,5.568555956078793,9
120434978,3,5.803469544834,12
10671986,3,5.377369820745958,9
117013905,3,5.610825364699851,10
10784899,3,5.413897160187774,9
112905002,3,6.467287235671771,11
115867977,3,5.807308542628034,9
10038649,2,5.387461276184107,10
10507382,0,5.565986836336902,3
10840157,0,5.313273105691411,13
116377137,3,5.32008366274874,9
10275639,3,6.159323364144492,9
10294613,3,5.56478381961372,11
117110985,3,5.639082521301628,13
118800217,3,6.258449293591064,9
103738138,2,4.7781168175525295,7
10491749,3,5.931050114222158,9
100084429,3,6.0846881337944305,7
10335674,3,5.4064489345010305,9
10350067,1,5.472119391581559,9
10492242,3,4.9510130603594975,8
10648133,3,5.253893781058077,10
113666801,3,5.329219715353732,12
118347857,3,5.962876787707738,10
10731534,0,6.270009083999538,11
108136778,2,4.937361381831607,9
119149921,2,5.828447086575246,9
10749684,1,4.516428406870096,4
117013553,3,5.179769675025422,10
118970753,3,5.586654867957377,6
100429202,2,5.448535752055717,10
102002930,1,5.487639678576667,10
10537433,3,4.813145028955444,10
118798641,3,5.273523341715922,5
122077169,1,5.614858907087306,8
10692107,2,5.513051533445041,9
117009049,3,5.784336712151616,12
118666249,3,6.244945288485981,9
101269810,3,4.889393223431744,9
10617582,3,6.761615385242746,9
10773341,2,5.741409559604341,9
10249075,3,5.749106212881722,10
10531988,3,5.338278006770208,9
10721724,3,5.574842137330114,9
113782457,3,6.405941798669518,11
117034905,2,5.552183251759348,6
118798041,3,4.800371855535671,6
10717922,2,5.810488215463828,6
122287833,3,6.151238867593918,13
10306647,2,5.64612608277197,9
117022737,3,5.173894571577514,12
117108873,3,4.98007832130426,8
122220689,3,6.281919468371555,12
10127695,2,4.282618488114767,10
102401578,3,6.0071002362075605,12
102499938,0,5.534295930535495,8
10347189,2,5.4063505385637285,9
10627115,2,5.710591569955995,7
117067033,3,5.596364881731704,9
10527162,2,5.7100429865442335,10
115749225,2,5.3658393341350825,8
117056905,2,5.692449606456049,10
10553059,3,5.814701282847001,9
111618922,3,5.051396547195863,9
10487413,2,5.427399246698284,8
118200593,2,4.876505396769244,8
118644385,3,5.103682077296471,10
100177162,1,5.5246543002210915,5
10392466,3,5.408830417771018,10
116642425,3,5.420739267785455,13
118665761,3,6.300157664170501,9
122220553,3,5.302649037173838,10
100799026,2,5.7997108113030125,7
105226074,3,5.454424919419161,11
105514250,3,5.329307896838946,7
119961113,3,5.654806148665203,9
122153417,2,5.613101050262992,4
10459881,3,6.380627768690541,7
10604965,3,6.296808445081974,9
115002465,3,5.486422879945972,11
120448506,2,5.536696765570134,7
10278503,0,5.665473199849122,7
118970329,3,4.871458348715263,9
10138087,3,5.499971785869798,12
124753497,1,5.718322202162115,2
10681905,2,5.52569950360175,10
110944498,3,5.758432893247136,9
123511401,3,5.340673954825009,9
10063068,3,5.176412922069118,9
103216602,3,6.177573435154636,10
119535041,3,5.494937074769511,9
122244937,2,5.719255807601332,10
10067592,3,5.366376357320994,8
10194640,3,5.606174218201438,11
10368535,2,4.267415971359191,10
10536439,3,5.39235256180768,9
10783757,3,5.584543350572796,7
124973465,3,5.4910548818807765,11
10239433,3,6.294379282263754,10
10386183,3,5.046243903573393,13
110846282,1,5.43972155792551,7
117464353,3,5.997202121080543,9
118794633,2,5.483686423902364,8
120991385,3,5.802875692831656,9
125608938,0,5.629291136665314,4
10324609,2,5.468885020471791,8
110941154,3,5.379288256323912,9
117020457,3,5.5949313931261555,9
117026577,0,5.535337791222506,6
117062825,3,5.492201579758906,13
124712017,2,5.329651123868449,10
10164305,1,5.557850029097259,8
102246634,2,5.722896433622158,7
10548486,3,4.496434344470788,10
10747277,2,5.315364695268412,8
118713201,2,4.593706620806555,9
118789345,3,5.686096011439904,8
123563353,3,5.446070917322095,10
118009457,3,5.422209026346951,7
122904977,2,5.442336842051996,10
124546193,1,4.7276255545520405,9
102505842,3,5.529424151072521,11
105626402,3,5.825035181303618,8
110943594,1,5.612915841107994,7
10816376,0,5.51673463030386,13
118448081,2,5.535383761666342,8
125330265,2,5.3884043195462965,8
10194017,3,5.38403641448477,10
10295716,2,5.486004206682233,10
112905946,2,5.463463860267095,7
121974361,3,5.6045814394377285,10
10392454,3,5.23211803520435,11
10779201,1,5.3012266217195165,10
10748878,2,5.670242410002212,9
103410906,0,5.647292949390971,5
115752577,3,4.536465941766756,8
117113497,3,5.333993445014554,9
118891361,2,5.82566373407364,7
118916617,3,4.467930338163215,11
118918985,3,5.337290038749057,9
105974626,1,5.775164212185972,9
10659267,2,5.668294911333206,10
116502929,3,5.979557957199474,9
118890377,2,5.429646542362731,4
103401674,1,5.477523873115051,8
118691289,3,5.552289487243465,10
120601473,1,5.82982955609747,9
10007871,2,5.2985700985297735,11
121778417,3,6.047324675557815,9
10408117,3,4.1577464168324045,9
10476665,3,6.311571824537701,7
117065769,2,5.485346522068906,5
123810001,1,5.484084016963255,10
105276506,1,5.126705088038079,9
110622026,2,5.712264754600881,9
117049569,3,5.848741092049993,9
125779698,3,5.05233675742319,12
10012508,3,5.738892638325552,9
106364250,3,5.27580918281475,10
117056185,3,5.886612223730548,8
125552498,2,5.862964533289174,9
10188077,3,5.379473124998438,10
102503626,3,5.736907368082722,11
10489414,3,5.42775234219652,8
10770943,2,5.396728550345677,10
10135747,2,5.02761874068791,9
10393533,3,4.516331704612103,11
110512450,3,5.743770126548957,10
116989929,3,5.890583941007172,9
118787177,2,5.695375334696472,9
118809849,3,4.435153236000154,9
120644769,2,5.793968798367189,8
121168273,3,4.657416199289971,9
100681730,2,5.500714675161412,10
103645298,3,5.724020563877055,9
10797771,3,5.083974754255463,10
118248009,2,5.3335081106700075,10
120130201,3,5.192876253581628,10
113736177,2,4.814475441476426,10
118333873,3,5.931398128352304,10
10305435,1,5.476372136836405,9
10477197,3,5.260803307282458,9
10712195,2,5.110252278964316,9
118774137,2,5.585067503422475,8
125387458,1,5.1200784596910465,10
10416024,2,5.470644174472077,10
10566682,3,5.541399549220588,10
113067034,3,5.63158043236241,11
117012793,3,6.069542289230884,10
117042817,3,6.470018447208979,8
120407090,2,5.398607139406597,9
10063192,3,5.44448880834366,10
101958914,3,5.38730666327838,10
10278301,1,5.664923200068547,9
10767994,2,5.5085766613092595,8
112597122,2,5.550617312621355,11
118800849,1,5.298692745383525,6
103133802,2,4.790947162708211,3
112480378,2,4.793496622203337,6
118808241,3,5.284898241579113,10
10038653,3,5.38938506012702,11
102837378,2,5.5166669113343145,8
10690649,1,5.290319133780384,9
10711258,3,5.855989140638089,10
118851385,3,5.9171990237464005,9
10278337,2,5.183510293899501,11
115164545,2,5.327144362032052,10
116446601,1,5.3808779529981,9
119340785,2,5.90064339474719,9
123241265,2,4.975259406511029,9
112027066,3,6.383292702018961,11
115862809,1,5.464698924825808,7
10596763,2,5.519019013908058,7
10720158,3,5.420193357750405,11
118329481,3,5.621090997788492,11
118427817,3,5.533278908200459,11
10429491,2,5.5216516720099005,12
10748334,2,5.972536114905791,8
122011449,3,5.774756984457076,10
117010921,3,5.355166465780974,9
10354617,2,5.6094743481671925,5
111254906,3,5.262820977520524,10
114595425,2,5.702812066820503,7
101166018,3,5.319718775329434,10
10321101,3,5.611974500698509,9
10449032,2,5.418901919592575,9
100002543,3,5.162261036134558,10
10038661,3,5.227220221191999,10
101266154,2,5.426954783452353,9
10583026,1,5.597435807662578,3
125102201,1,5.225934277568531,7
101419538,3,5.41113511596217,11
10650683,3,5.371942459758605,10
119069129,3,5.36595466082761,10
119663369,3,5.722097398107908,9
101550194,0,4.146168887547357,10
106581010,3,5.42310991133025,10
117074225,3,5.518783077119655,7
118789929,2,4.912847095375595,5
10210023,2,5.433934563189325,6
10293468,3,5.975840655522489,8
10776078,2,5.661373245237591,8
118790761,3,5.6246032453149395,10
124267545,3,5.6384892142174,6
100002652,3,5.567717635425363,10
10665583,0,5.832579309377936,1
110577578,0,5.497619453720435,3
117164105,3,5.534104037315745,7
10381846,3,5.9855792187712735,9
117054081,3,5.586737238367744,10
118771169,1,6.281265263455042,7
119439657,3,6.632416785234154,10
10366255,3,5.086503861070966,8
10696204,2,5.359600944529535,10
114464161,3,4.99785535501596,12
115753441,3,6.35370173792268,9
116505025,2,6.320957535724847,10
103040946,2,4.840654833093294,6
117008849,3,5.0565734212458855,8
119749201,3,4.839499721851792,9
10271563,0,5.544485728114661,1
102895674,3,5.6086658745831715,12
113600721,3,5.739650681000572,11
123510313,3,4.647833474954247,10
103135370,2,5.267890099202691,9
10338045,2,6.277020735846105,6
117672177,3,5.557620572429086,12
100076651,3,4.406878812456683,9
106277138,2,5.822181839150292,10
118795745,2,5.277118651731239,6
124928145,3,5.318700153427208,11
103155394,2,5.814307300630337,8
10636336,3,5.123613366379508,11
118317601,2,6.052717785075016,4
10601332,2,5.082521096946174,9
10787521,3,6.167405903089974,9
10053442,3,5.467678167356236,9
10415210,3,4.818728474129289,9
114783777,3,5.628681486403468,8
119500977,2,5.308771205567337,9
122367425,3,5.267312245501478,12
118796473,0,4.358217789096954,7
118805001,1,4.532819354451361,7
118908809,2,5.568119891557816,10
122605561,2,4.569839051523486,7
104838370,1,5.3132236786297575,9
113980657,2,5.433732246697366,8
103216506,3,5.414957621036592,10
10572923,3,5.194827065254333,9
117031321,2,5.895118964824598,8
109767250,2,5.501421745777719,8
10275436,3,5.405264633260547,11
10642259,3,6.350672173540011,9
111124922,3,5.319600325198641,11
116034321,3,4.688733962323853,9
117108641,3,5.065256871484408,11
10250573,3,6.332432623675379,9
10325553,3,5.3456694658625095,11
10392452,3,5.0690603260142275,10
118808025,3,5.141250932425303,10
118811593,3,5.092597223185841,9
118813289,1,5.318210969645012,7
10591853,3,5.612563558341034,10
115753185,3,6.538833782697724,9
122161113,3,5.480951749027699,8
117028241,3,5.6758655426278635,10
118206785,3,4.538147898883325,11
118699633,1,5.46443873273909,9
118798201,3,4.6723756663751,9
10075573,2,5.374377613295815,10
103190418,3,5.9512883604547175,9
111358546,3,5.620849914056231,11
122420209,1,5.213877425778546,5
10183602,3,6.5142605221473735,11
102688330,1,5.598070285538481,8
118797201,3,5.2442133011906105,9
118805233,3,5.22292188520382,8
101147106,3,5.497744068165582,8
10781084,3,5.359344413417967,11
117067361,3,5.605635438604062,9
117108625,2,5.539249220531659,10
103636594,2,5.495228411444103,7
10739435,3,4.435064400039523,13
10751154,3,5.96499322940222,8
120171578,2,5.528713231048192,5
102505130,3,5.533694395273415,11
10359074,3,4.379391326752385,11
10643621,1,6.435584974499659,8
10756147,3,5.260436228471187,9
114634969,3,5.619595193409657,10
117066833,3,5.744450473266416,8
118760809,3,5.453905970828305,7
10037225,2,4.856039020339045,9
10341727,2,5.669475677158155,8
10664583,3,4.649359554003239,10
10668497,3,5.7381636660792115,9
110997610,2,5.009860535907935,9
111845074,3,5.4142774318988645,11
118795769,3,5.517566991457848,5
120858513,3,4.911205748985659,9
121123553,3,5.350815403650397,9
10404691,2,5.633537126061724,8
10667763,3,5.218931305966008,9
123675369,3,6.2108878462261545,10
125996858,3,5.396848126771013,11
100166169,3,5.050463023050079,10
10304094,1,5.216000389537896,3
118804241,1,5.123514520148998,8
118924545,3,6.415151812095743,11
120550817,2,5.738840860925279,12
116849473,3,5.7516439407582265,12
117010761,2,5.789936344643157,7
10815609,2,4.811702577201465,9
124018041,2,4.1712945518997735,9
10248665,2,5.496757588652345,10
10772321,3,5.714131941276155,8
113507641,2,5.1655456955742975,7
118792033,3,5.161978297012115,7
125157297,3,5.362779067409411,8
10763831,3,5.358285437475628,7
110373306,2,5.742858734199841,9
118793961,2,5.542730516357015,7
10319692,2,5.728729493337745,9
111269722,3,5.822333185366283,12
118661681,3,5.510583827315549,10
118820073,2,5.585085829552827,8
120508210,2,5.939507179244044,4
